{
 "cells": [
  {
   "cell_type": "markdown",
   "metadata": {},
   "source": [
    "<h2>Analyse en composantes principales</h2>"
   ]
  },
  {
   "cell_type": "markdown",
   "metadata": {},
   "source": [
    "<h3>Importation des bibliothèques</h3>"
   ]
  },
  {
   "cell_type": "code",
   "execution_count": 1,
   "metadata": {},
   "outputs": [],
   "source": [
    "import pandas as pd\n",
    "import numpy as np\n",
    "import sklearn\n",
    "from sklearn.decomposition import PCA\n",
    "from sklearn.preprocessing import StandardScaler\n",
    "import matplotlib.pyplot as plt\n",
    "import seaborn as sns\n"
   ]
  },
  {
   "cell_type": "markdown",
   "metadata": {},
   "source": [
    "<h3>Importation des données</h3>"
   ]
  },
  {
   "cell_type": "code",
   "execution_count": 2,
   "metadata": {},
   "outputs": [],
   "source": [
    "#chargement de la première feuille de données\n",
    "data = pd.read_csv(\"villes.csv\", delimiter=\";\", encoding='latin-1', header=0, index_col=0)"
   ]
  },
  {
   "cell_type": "markdown",
   "metadata": {},
   "source": [
    "<h3>Nettoyage des données</h3>"
   ]
  },
  {
   "cell_type": "code",
   "execution_count": 3,
   "metadata": {},
   "outputs": [
    {
     "data": {
      "text/html": [
       "<div>\n",
       "<style scoped>\n",
       "    .dataframe tbody tr th:only-of-type {\n",
       "        vertical-align: middle;\n",
       "    }\n",
       "\n",
       "    .dataframe tbody tr th {\n",
       "        vertical-align: top;\n",
       "    }\n",
       "\n",
       "    .dataframe thead th {\n",
       "        text-align: right;\n",
       "    }\n",
       "</style>\n",
       "<table border=\"1\" class=\"dataframe\">\n",
       "  <thead>\n",
       "    <tr style=\"text-align: right;\">\n",
       "      <th></th>\n",
       "      <th>JANVIERp</th>\n",
       "      <th>FEVRIERp</th>\n",
       "      <th>MARSp</th>\n",
       "      <th>AVRILp</th>\n",
       "      <th>MAIp</th>\n",
       "      <th>JUINp</th>\n",
       "      <th>JUILLETp</th>\n",
       "      <th>AOUTp</th>\n",
       "      <th>SEPTEMBREp</th>\n",
       "      <th>OCTOBREp</th>\n",
       "      <th>...</th>\n",
       "      <th>SEPTEMBREnb.j.pl</th>\n",
       "      <th>OCTOBREnb.j.pl</th>\n",
       "      <th>NOVEMBREnb.j.pl</th>\n",
       "      <th>DECEMBREnb.j.pl</th>\n",
       "      <th>Nombre annuel de jours de pluie</th>\n",
       "      <th>Température moyenne annuelle</th>\n",
       "      <th>Amplitude annuelle des températures</th>\n",
       "      <th>Insolation annuelle</th>\n",
       "      <th>Précipitations de mai à aout</th>\n",
       "      <th>Précipitations sept-oct</th>\n",
       "    </tr>\n",
       "  </thead>\n",
       "  <tbody>\n",
       "    <tr>\n",
       "      <th>Ajaccio</th>\n",
       "      <td>78.0</td>\n",
       "      <td>69.0</td>\n",
       "      <td>51.0</td>\n",
       "      <td>39.0</td>\n",
       "      <td>43.0</td>\n",
       "      <td>23.0</td>\n",
       "      <td>10.0</td>\n",
       "      <td>15.0</td>\n",
       "      <td>43.0</td>\n",
       "      <td>81.0</td>\n",
       "      <td>...</td>\n",
       "      <td>6.0</td>\n",
       "      <td>10.0</td>\n",
       "      <td>11.0</td>\n",
       "      <td>13.0</td>\n",
       "      <td>95.0</td>\n",
       "      <td>14.71</td>\n",
       "      <td>14.5</td>\n",
       "      <td>2811.0</td>\n",
       "      <td>13.9</td>\n",
       "      <td>25.8</td>\n",
       "    </tr>\n",
       "    <tr>\n",
       "      <th>Angers</th>\n",
       "      <td>65.0</td>\n",
       "      <td>50.0</td>\n",
       "      <td>60.0</td>\n",
       "      <td>45.0</td>\n",
       "      <td>50.0</td>\n",
       "      <td>55.0</td>\n",
       "      <td>35.0</td>\n",
       "      <td>60.0</td>\n",
       "      <td>55.0</td>\n",
       "      <td>65.0</td>\n",
       "      <td>...</td>\n",
       "      <td>12.0</td>\n",
       "      <td>13.0</td>\n",
       "      <td>15.0</td>\n",
       "      <td>16.0</td>\n",
       "      <td>154.0</td>\n",
       "      <td>11.28</td>\n",
       "      <td>14.5</td>\n",
       "      <td>1899.0</td>\n",
       "      <td>29.0</td>\n",
       "      <td>30.8</td>\n",
       "    </tr>\n",
       "    <tr>\n",
       "      <th>Angoulème</th>\n",
       "      <td>79.0</td>\n",
       "      <td>68.0</td>\n",
       "      <td>64.0</td>\n",
       "      <td>62.0</td>\n",
       "      <td>70.0</td>\n",
       "      <td>58.0</td>\n",
       "      <td>53.0</td>\n",
       "      <td>66.0</td>\n",
       "      <td>69.0</td>\n",
       "      <td>70.0</td>\n",
       "      <td>...</td>\n",
       "      <td>12.0</td>\n",
       "      <td>13.0</td>\n",
       "      <td>15.0</td>\n",
       "      <td>16.0</td>\n",
       "      <td>160.0</td>\n",
       "      <td>12.02</td>\n",
       "      <td>14.9</td>\n",
       "      <td>1989.0</td>\n",
       "      <td>29.9</td>\n",
       "      <td>31.0</td>\n",
       "    </tr>\n",
       "    <tr>\n",
       "      <th>Besançon</th>\n",
       "      <td>94.0</td>\n",
       "      <td>87.0</td>\n",
       "      <td>75.0</td>\n",
       "      <td>74.0</td>\n",
       "      <td>86.0</td>\n",
       "      <td>107.0</td>\n",
       "      <td>80.0</td>\n",
       "      <td>116.0</td>\n",
       "      <td>106.0</td>\n",
       "      <td>78.0</td>\n",
       "      <td>...</td>\n",
       "      <td>13.0</td>\n",
       "      <td>14.0</td>\n",
       "      <td>15.0</td>\n",
       "      <td>15.0</td>\n",
       "      <td>169.0</td>\n",
       "      <td>10.04</td>\n",
       "      <td>17.6</td>\n",
       "      <td>1897.0</td>\n",
       "      <td>35.8</td>\n",
       "      <td>35.5</td>\n",
       "    </tr>\n",
       "    <tr>\n",
       "      <th>Biarritz</th>\n",
       "      <td>128.0</td>\n",
       "      <td>105.0</td>\n",
       "      <td>98.0</td>\n",
       "      <td>102.0</td>\n",
       "      <td>100.0</td>\n",
       "      <td>91.0</td>\n",
       "      <td>69.0</td>\n",
       "      <td>123.0</td>\n",
       "      <td>155.0</td>\n",
       "      <td>152.0</td>\n",
       "      <td>...</td>\n",
       "      <td>14.0</td>\n",
       "      <td>15.0</td>\n",
       "      <td>16.0</td>\n",
       "      <td>17.0</td>\n",
       "      <td>177.0</td>\n",
       "      <td>13.58</td>\n",
       "      <td>12.3</td>\n",
       "      <td>1921.0</td>\n",
       "      <td>26.0</td>\n",
       "      <td>36.8</td>\n",
       "    </tr>\n",
       "  </tbody>\n",
       "</table>\n",
       "<p>5 rows × 31 columns</p>\n",
       "</div>"
      ],
      "text/plain": [
       "           JANVIERp  FEVRIERp  MARSp  AVRILp   MAIp  JUINp  JUILLETp  AOUTp  \\\n",
       "Ajaccio        78.0      69.0   51.0    39.0   43.0   23.0      10.0   15.0   \n",
       "Angers         65.0      50.0   60.0    45.0   50.0   55.0      35.0   60.0   \n",
       "Angoulème      79.0      68.0   64.0    62.0   70.0   58.0      53.0   66.0   \n",
       "Besançon       94.0      87.0   75.0    74.0   86.0  107.0      80.0  116.0   \n",
       "Biarritz      128.0     105.0   98.0   102.0  100.0   91.0      69.0  123.0   \n",
       "\n",
       "           SEPTEMBREp  OCTOBREp  ...  SEPTEMBREnb.j.pl  OCTOBREnb.j.pl  \\\n",
       "Ajaccio          43.0      81.0  ...               6.0            10.0   \n",
       "Angers           55.0      65.0  ...              12.0            13.0   \n",
       "Angoulème        69.0      70.0  ...              12.0            13.0   \n",
       "Besançon        106.0      78.0  ...              13.0            14.0   \n",
       "Biarritz        155.0     152.0  ...              14.0            15.0   \n",
       "\n",
       "           NOVEMBREnb.j.pl  DECEMBREnb.j.pl  Nombre annuel de jours de pluie  \\\n",
       "Ajaccio               11.0             13.0                             95.0   \n",
       "Angers                15.0             16.0                            154.0   \n",
       "Angoulème             15.0             16.0                            160.0   \n",
       "Besançon              15.0             15.0                            169.0   \n",
       "Biarritz              16.0             17.0                            177.0   \n",
       "\n",
       "           Température moyenne annuelle  Amplitude annuelle des températures  \\\n",
       "Ajaccio                           14.71                                 14.5   \n",
       "Angers                            11.28                                 14.5   \n",
       "Angoulème                         12.02                                 14.9   \n",
       "Besançon                          10.04                                 17.6   \n",
       "Biarritz                          13.58                                 12.3   \n",
       "\n",
       "           Insolation annuelle  Précipitations de mai à aout  \\\n",
       "Ajaccio                 2811.0                          13.9   \n",
       "Angers                  1899.0                          29.0   \n",
       "Angoulème               1989.0                          29.9   \n",
       "Besançon                1897.0                          35.8   \n",
       "Biarritz                1921.0                          26.0   \n",
       "\n",
       "           Précipitations sept-oct  \n",
       "Ajaccio                       25.8  \n",
       "Angers                        30.8  \n",
       "Angoulème                     31.0  \n",
       "Besançon                      35.5  \n",
       "Biarritz                      36.8  \n",
       "\n",
       "[5 rows x 31 columns]"
      ]
     },
     "execution_count": 3,
     "metadata": {},
     "output_type": "execute_result"
    }
   ],
   "source": [
    "#taille de la matrice\n",
    "data.shape\n",
    "#suppression des quatre dernières lignes\n",
    "data=data.dropna()\n",
    "data.drop(columns=[\"Latitude\", \"Longitude\", \"Géographie\"],inplace=True)\n",
    "#Nombre d'observations\n",
    "n = data.shape[0]\n",
    "#Nombre de variables\n",
    "p = data.shape[1]\n",
    "data.head(5)"
   ]
  },
  {
   "cell_type": "markdown",
   "metadata": {},
   "source": [
    "<h3>Préparation des données</h3>"
   ]
  },
  {
   "cell_type": "markdown",
   "metadata": {},
   "source": [
    "<h4>Centrage et réduction</h4>"
   ]
  },
  {
   "cell_type": "code",
   "execution_count": 4,
   "metadata": {},
   "outputs": [
    {
     "name": "stdout",
     "output_type": "stream",
     "text": [
      "[[ 0.54719493  0.49892739 -0.35160018 ...  1.88031208 -2.08607274\n",
      "  -1.87189519]\n",
      " [-0.0218878  -0.60486403  0.25283608 ... -0.42367579 -0.17700011\n",
      "  -0.91627302]\n",
      " [ 0.59097052  0.44083311  0.52147442 ... -0.19630856 -0.06321433\n",
      "  -0.87804813]\n",
      " ...\n",
      " [-0.54719493 -0.60486403 -0.28444059 ...  0.03611126  0.34135736\n",
      "  -0.61047393]\n",
      " [-0.10943899 -0.3143926  -0.28444059 ... -0.52472789  0.16435725\n",
      "  -0.66781126]\n",
      " [-0.67852171 -0.89533546 -0.35160018 ... -0.48935965  1.42864376\n",
      "   1.22432064]]\n"
     ]
    }
   ],
   "source": [
    "#instanciation \n",
    "sc = StandardScaler() \n",
    "#transformation – centrage-réduction\n",
    "m = sc.fit_transform(data) \n",
    "print(m)"
   ]
  },
  {
   "cell_type": "markdown",
   "metadata": {},
   "source": [
    "<h4>Calcul de la moyenne et l'écart-type</h4>"
   ]
  },
  {
   "cell_type": "code",
   "execution_count": 5,
   "metadata": {},
   "outputs": [
    {
     "name": "stdout",
     "output_type": "stream",
     "text": [
      "[-2.61228947e-17 -1.46941283e-16  3.42862993e-17 -1.16328515e-16\n",
      "  2.41636776e-16 -9.79608551e-17 -4.57150657e-17 -1.27349112e-16\n",
      "  1.42043240e-16 -1.17553026e-16 -1.79594901e-16  1.89390987e-16\n",
      " -1.70411071e-16  8.48994078e-17 -3.91843420e-17  3.98374144e-16\n",
      " -2.93882565e-17  3.06944013e-16 -9.46954933e-17  1.86125625e-16\n",
      " -2.93882565e-17  9.46954933e-17 -1.99187072e-16  6.85725986e-17\n",
      "  2.74290394e-16 -4.24497039e-16 -6.92256709e-16  9.24097400e-16\n",
      "  4.76742828e-16 -7.77156117e-16  1.47594355e-15]\n",
      "[1. 1. 1. 1. 1. 1. 1. 1. 1. 1. 1. 1. 1. 1. 1. 1. 1. 1. 1. 1. 1. 1. 1. 1.\n",
      " 1. 1. 1. 1. 1. 1. 1.]\n"
     ]
    }
   ],
   "source": [
    "#moyenne\n",
    "print(np.mean(m, axis=0))\n",
    "#écart-type\n",
    "print(np.std(m, axis=0, ddof=0))"
   ]
  },
  {
   "cell_type": "markdown",
   "metadata": {},
   "source": [
    "<h3>La matrice de corrélation</h3>"
   ]
  },
  {
   "cell_type": "code",
   "execution_count": 6,
   "metadata": {},
   "outputs": [
    {
     "name": "stdout",
     "output_type": "stream",
     "text": [
      "Matrice de corrélation :\n",
      " [[ 1.          0.89951363  0.78730152  0.7777605   0.47825977  0.28183684\n",
      "   0.26622935  0.43026853  0.69193426  0.56482268  0.76092012  0.91622464\n",
      "   0.88053244  0.41962129  0.35456465  0.48175921  0.43846046  0.43263871\n",
      "   0.24548614  0.2820581   0.27239537  0.40049331  0.5624017   0.4771902\n",
      "   0.5086087   0.41666802  0.0398699  -0.54637621 -0.11967832 -0.32344207\n",
      "  -0.55925704]\n",
      " [ 0.89951363  1.          0.89446269  0.81503525  0.34354235  0.11328689\n",
      "   0.07480963  0.2466846   0.74630035  0.75198793  0.88006224  0.94085319\n",
      "   0.87286266  0.09943236  0.02268592  0.18445221  0.15128198  0.14575074\n",
      "  -0.04406463 -0.01710263 -0.02238194  0.09265246  0.27096266  0.14226402\n",
      "   0.19558725  0.09534636  0.32822256 -0.46755929  0.19029264 -0.5540342\n",
      "  -0.46611314]\n",
      " [ 0.78730152  0.89446269  1.          0.84918175  0.40571361  0.15131238\n",
      "   0.03082993  0.29756273  0.79525144  0.8306968   0.83396292  0.8763193\n",
      "   0.87001298 -0.03295183 -0.10505872  0.07160876  0.04581156  0.11484366\n",
      "  -0.09744662 -0.08626434 -0.08296607 -0.00829159  0.13350873  0.01960336\n",
      "   0.05067862 -0.00937014  0.39213463 -0.35339327  0.26776374 -0.51025289\n",
      "  -0.26677889]\n",
      " [ 0.7777605   0.81503525  0.84918175  1.          0.6963394   0.49291228\n",
      "   0.40491285  0.57871175  0.85827112  0.61510864  0.74725922  0.79858016\n",
      "   0.94145654  0.17177223  0.15379623  0.2588956   0.36335918  0.40683901\n",
      "   0.25510787  0.21496111  0.18985794  0.24015261  0.29635755  0.19795802\n",
      "   0.18945524  0.24731119  0.13021975 -0.26942261 -0.04123627 -0.14429954\n",
      "  -0.20981555]\n",
      " [ 0.47825977  0.34354235  0.40571361  0.6963394   1.          0.85870721\n",
      "   0.7334971   0.82104845  0.65483728  0.14091557  0.18154481  0.39348783\n",
      "   0.6910003   0.3882165   0.43072415  0.38751287  0.60746564  0.68046861\n",
      "   0.61999378  0.51799331  0.48942882  0.44509482  0.40905941  0.39172939\n",
      "   0.33583095  0.49576086 -0.26770454  0.0435347  -0.41769765  0.46482062\n",
      "   0.13695483]\n",
      " [ 0.28183684  0.11328689  0.15131238  0.49291228  0.85870721  1.\n",
      "   0.88851249  0.9254572   0.4762334  -0.16148172 -0.06009484  0.0981091\n",
      "   0.4987715   0.45640889  0.51923663  0.40137671  0.6634001   0.72225833\n",
      "   0.7656577   0.6617449   0.63225968  0.54124486  0.41350166  0.44433702\n",
      "   0.33127243  0.57623759 -0.57748253  0.30360679 -0.57382469  0.7176347\n",
      "   0.15028327]\n",
      " [ 0.26622935  0.07480963  0.03082993  0.40491285  0.7334971   0.88851249\n",
      "   1.          0.86874707  0.34203323 -0.25584068 -0.13984716  0.07287783\n",
      "   0.41598309  0.65738914  0.715366    0.64243507  0.82731528  0.83905238\n",
      "   0.89729051  0.85112994  0.83492701  0.75965539  0.61056494  0.63608923\n",
      "   0.55272697  0.77586165 -0.71538183  0.12622491 -0.78290232  0.74482854\n",
      "   0.01452192]\n",
      " [ 0.43026853  0.2466846   0.29756273  0.57871175  0.82104845  0.9254572\n",
      "   0.86874707  1.          0.61896683  0.03951077  0.11990214  0.26412414\n",
      "   0.63994759  0.5416801   0.57773676  0.5152744   0.70037723  0.76977805\n",
      "   0.78330023  0.71214598  0.70303259  0.64586819  0.55588459  0.5663106\n",
      "   0.45209614  0.65994809 -0.56431003  0.10723824 -0.60313761  0.58951605\n",
      "   0.11313179]\n",
      " [ 0.69193426  0.74630035  0.79525144  0.85827112  0.65483728  0.4762334\n",
      "   0.34203323  0.61896683  1.          0.7282007   0.70230332  0.76486257\n",
      "   0.92249648  0.08098866  0.0576921   0.15000755  0.23965366  0.33225323\n",
      "   0.20196991  0.1595617   0.16220941  0.19867616  0.26021707  0.13749879\n",
      "   0.12084462  0.17600903  0.19065844 -0.17807879  0.00616785 -0.1618341\n",
      "   0.10414021]\n",
      " [ 0.56482268  0.75198793  0.8306968   0.61510864  0.14091557 -0.16148172\n",
      "  -0.25584068  0.03951077  0.7282007   1.          0.81723863  0.76592816\n",
      "   0.68241701 -0.31385748 -0.38972944 -0.18008968 -0.22303195 -0.16186008\n",
      "  -0.37801436 -0.3640767  -0.33817413 -0.23667929 -0.07883746 -0.23074533\n",
      "  -0.17973431 -0.28226085  0.64708857 -0.36966628  0.48381843 -0.69114095\n",
      "   0.025736  ]\n",
      " [ 0.76092012  0.88006224  0.83396292  0.74725922  0.18154481 -0.06009484\n",
      "  -0.13984716  0.11990214  0.70230332  0.81723863  1.          0.87476018\n",
      "   0.78068331 -0.05715018 -0.12819906  0.02152312 -0.00572287 -0.0158643\n",
      "  -0.20760285 -0.2010916  -0.20908011 -0.05210513  0.11761325  0.00550407\n",
      "   0.02789782 -0.07444444  0.48141212 -0.5075346   0.33744769 -0.64901001\n",
      "  -0.36871702]\n",
      " [ 0.91622464  0.94085319  0.8763193   0.79858016  0.39348783  0.0981091\n",
      "   0.07287783  0.26412414  0.76486257  0.76592816  0.87476018  1.\n",
      "   0.88352899  0.18379665  0.10501717  0.27848055  0.21677495  0.23030872\n",
      "   0.01640314  0.05147716  0.0468795   0.18758787  0.36864931  0.22862323\n",
      "   0.30796142  0.18222977  0.33083713 -0.58765624  0.10963899 -0.52511929\n",
      "  -0.4239363 ]\n",
      " [ 0.88053244  0.87286266  0.87001298  0.94145654  0.6910003   0.4987715\n",
      "   0.41598309  0.63994759  0.92249648  0.68241701  0.78068331  0.88352899\n",
      "   1.          0.26428668  0.22609158  0.33615511  0.40829041  0.45609363\n",
      "   0.28879873  0.26550078  0.2561185   0.32855032  0.42103387  0.3153453\n",
      "   0.30861133  0.32925481  0.09021023 -0.33624968 -0.08549983 -0.17919089\n",
      "  -0.21428358]\n",
      " [ 0.41962129  0.09943236 -0.03295183  0.17177223  0.3882165   0.45640889\n",
      "   0.65738914  0.5416801   0.08098866 -0.31385748 -0.05715018  0.18379665\n",
      "   0.26428668  1.          0.97055099  0.93808718  0.88849035  0.80753674\n",
      "   0.80902122  0.8881879   0.88312978  0.94004798  0.94752576  0.97543599\n",
      "   0.96476205  0.96693274 -0.68339145 -0.43941479 -0.88445481  0.45247427\n",
      "  -0.3968179 ]\n",
      " [ 0.35456465  0.02268592 -0.10505872  0.15379623  0.43072415  0.51923663\n",
      "   0.715366    0.57773676  0.0576921  -0.38972944 -0.12819906  0.10501717\n",
      "   0.22609158  0.97055099  1.          0.90394576  0.91403514  0.85891435\n",
      "   0.87690656  0.91988089  0.90450801  0.93341838  0.90462263  0.95068866\n",
      "   0.92176474  0.97174081 -0.74071627 -0.35956607 -0.91837824  0.55155807\n",
      "  -0.34842268]\n",
      " [ 0.48175921  0.18445221  0.07160876  0.2588956   0.38751287  0.40137671\n",
      "   0.64243507  0.5152744   0.15000755 -0.18008968  0.02152312  0.27848055\n",
      "   0.33615511  0.93808718  0.90394576  1.          0.85740338  0.84262631\n",
      "   0.76743535  0.86788628  0.86134422  0.9346092   0.92488955  0.93230757\n",
      "   0.95121364  0.94259309 -0.5621693  -0.49723111 -0.83209863  0.35157169\n",
      "  -0.42054317]\n",
      " [ 0.43846046  0.15128198  0.04581156  0.36335918  0.60746564  0.6634001\n",
      "   0.82731528  0.70037723  0.23965366 -0.22303195 -0.00572287  0.21677495\n",
      "   0.40829041  0.88849035  0.91403514  0.85740338  1.          0.9081667\n",
      "   0.90368582  0.90330845  0.89269315  0.91304739  0.86078775  0.89184475\n",
      "   0.83467398  0.9423183  -0.68070426 -0.32192429 -0.88619943  0.58098884\n",
      "  -0.24835219]\n",
      " [ 0.43263871  0.14575074  0.11484366  0.40683901  0.68046861  0.72225833\n",
      "   0.83905238  0.76977805  0.33225323 -0.16186008 -0.0158643   0.23030872\n",
      "   0.45609363  0.80753674  0.85891435  0.84262631  0.9081667   1.\n",
      "   0.90416901  0.90122519  0.88626348  0.88771008  0.79405549  0.82738559\n",
      "   0.78123293  0.90898704 -0.64216413 -0.2361741  -0.83899669  0.57655956\n",
      "  -0.18258699]\n",
      " [ 0.24548614 -0.04406463 -0.09744662  0.25510787  0.61999378  0.7656577\n",
      "   0.89729051  0.78330023  0.20196991 -0.37801436 -0.20760285  0.01640314\n",
      "   0.28879873  0.80902122  0.87690656  0.76743535  0.90368582  0.90416901\n",
      "   1.          0.9636623   0.94901118  0.88789703  0.7660082   0.80218133\n",
      "   0.72430926  0.91189701 -0.82257833 -0.07910684 -0.92730177  0.76538321\n",
      "  -0.05643487]\n",
      " [ 0.2820581  -0.01710263 -0.08626434  0.21496111  0.51799331  0.6617449\n",
      "   0.85112994  0.71214598  0.1595617  -0.3640767  -0.2010916   0.05147716\n",
      "   0.26550078  0.8881879   0.91988089  0.86788628  0.90330845  0.90122519\n",
      "   0.9636623   1.          0.98456341  0.95200329  0.85475225  0.87181961\n",
      "   0.82636019  0.96272453 -0.80001319 -0.20459004 -0.95607686  0.67447383\n",
      "  -0.15434407]\n",
      " [ 0.27239537 -0.02238194 -0.08296607  0.18985794  0.48942882  0.63225968\n",
      "   0.83492701  0.70303259  0.16220941 -0.33817413 -0.20908011  0.0468795\n",
      "   0.2561185   0.88312978  0.90450801  0.86134422  0.89269315  0.88626348\n",
      "   0.94901118  0.98456341  1.          0.95762665  0.86321753  0.88512217\n",
      "   0.83466142  0.96004181 -0.80120539 -0.20717296 -0.95702962  0.66758372\n",
      "  -0.11555924]\n",
      " [ 0.40049331  0.09265246 -0.00829159  0.24015261  0.44509482  0.54124486\n",
      "   0.75965539  0.64586819  0.19867616 -0.23667929 -0.05210513  0.18758787\n",
      "   0.32855032  0.94004798  0.93341838  0.9346092   0.91304739  0.88771008\n",
      "   0.88789703  0.95200329  0.95762665  1.          0.93735327  0.94012996\n",
      "   0.91600935  0.98279316 -0.6968414  -0.38920322 -0.91962025  0.5179151\n",
      "  -0.24148217]\n",
      " [ 0.5624017   0.27096266  0.13350873  0.29635755  0.40905941  0.41350166\n",
      "   0.61056494  0.55588459  0.26021707 -0.07883746  0.11761325  0.36864931\n",
      "   0.42103387  0.94752576  0.90462263  0.92488955  0.86078775  0.79405549\n",
      "   0.7660082   0.85475225  0.86321753  0.93735327  1.          0.95862323\n",
      "   0.96857089  0.94408045 -0.58346915 -0.58561392 -0.81942532  0.30538553\n",
      "  -0.34722409]\n",
      " [ 0.4771902   0.14226402  0.01960336  0.19795802  0.39172939  0.44433702\n",
      "   0.63608923  0.5663106   0.13749879 -0.23074533  0.00550407  0.22862323\n",
      "   0.3153453   0.97543599  0.95068866  0.93230757  0.89184475  0.82738559\n",
      "   0.80218133  0.87181961  0.88512217  0.94012996  0.95862323  1.\n",
      "   0.96464799  0.96433822 -0.67635418 -0.47121798 -0.86510854  0.41824016\n",
      "  -0.37856127]\n",
      " [ 0.5086087   0.19558725  0.05067862  0.18945524  0.33583095  0.33127243\n",
      "   0.55272697  0.45209614  0.12084462 -0.17973431  0.02789782  0.30796142\n",
      "   0.30861133  0.96476205  0.92176474  0.95121364  0.83467398  0.78123293\n",
      "   0.72430926  0.82636019  0.83466142  0.91600935  0.96857089  0.96464799\n",
      "   1.          0.93582525 -0.56824276 -0.58555504 -0.81613578  0.29538674\n",
      "  -0.43993894]\n",
      " [ 0.41666802  0.09534636 -0.00937014  0.24731119  0.49576086  0.57623759\n",
      "   0.77586165  0.65994809  0.17600903 -0.28226085 -0.07444444  0.18222977\n",
      "   0.32925481  0.96693274  0.97174081  0.94259309  0.9423183   0.90898704\n",
      "   0.91189701  0.96272453  0.96004181  0.98279316  0.94408045  0.96433822\n",
      "   0.93582525  1.         -0.73379533 -0.37502131 -0.93630106  0.54925923\n",
      "  -0.28688248]\n",
      " [ 0.0398699   0.32822256  0.39213463  0.13021975 -0.26770454 -0.57748253\n",
      "  -0.71538183 -0.56431003  0.19065844  0.64708857  0.48141212  0.33083713\n",
      "   0.09021023 -0.68339145 -0.74071627 -0.5621693  -0.68070426 -0.64216413\n",
      "  -0.82257833 -0.80001319 -0.80120539 -0.6968414  -0.58346915 -0.67635418\n",
      "  -0.56824276 -0.73379533  1.         -0.13218397  0.81972392 -0.79018792\n",
      "   0.07690441]\n",
      " [-0.54637621 -0.46755929 -0.35339327 -0.26942261  0.0435347   0.30360679\n",
      "   0.12622491  0.10723824 -0.17807879 -0.36966628 -0.5075346  -0.58765624\n",
      "  -0.33624968 -0.43941479 -0.35956607 -0.49723111 -0.32192429 -0.2361741\n",
      "  -0.07910684 -0.20459004 -0.20717296 -0.38920322 -0.58561392 -0.47121798\n",
      "  -0.58555504 -0.37502131 -0.13218397  1.          0.17980222  0.41465909\n",
      "   0.46097243]\n",
      " [-0.11967832  0.19029264  0.26776374 -0.04123627 -0.41769765 -0.57382469\n",
      "  -0.78290232 -0.60313761  0.00616785  0.48381843  0.33744769  0.10963899\n",
      "  -0.08549983 -0.88445481 -0.91837824 -0.83209863 -0.88619943 -0.83899669\n",
      "  -0.92730177 -0.95607686 -0.95702962 -0.91962025 -0.81942532 -0.86510854\n",
      "  -0.81613578 -0.93630106  0.81972392  0.17980222  1.         -0.73549899\n",
      "   0.08392779]\n",
      " [-0.32344207 -0.5540342  -0.51025289 -0.14429954  0.46482062  0.7176347\n",
      "   0.74482854  0.58951605 -0.1618341  -0.69114095 -0.64901001 -0.52511929\n",
      "  -0.17919089  0.45247427  0.55155807  0.35157169  0.58098884  0.57655956\n",
      "   0.76538321  0.67447383  0.66758372  0.5179151   0.30538553  0.41824016\n",
      "   0.29538674  0.54925923 -0.79018792  0.41465909 -0.73549899  1.\n",
      "   0.34322979]\n",
      " [-0.55925704 -0.46611314 -0.26677889 -0.20981555  0.13695483  0.15028327\n",
      "   0.01452192  0.11313179  0.10414021  0.025736   -0.36871702 -0.4239363\n",
      "  -0.21428358 -0.3968179  -0.34842268 -0.42054317 -0.24835219 -0.18258699\n",
      "  -0.05643487 -0.15434407 -0.11555924 -0.24148217 -0.34722409 -0.37856127\n",
      "  -0.43993894 -0.28688248  0.07690441  0.46097243  0.08392779  0.34322979\n",
      "   1.        ]]\n"
     ]
    }
   ],
   "source": [
    "# Calcul de la matrice de corrélation\n",
    "correlation_matrix = np.corrcoef(m, rowvar=False)\n",
    "\n",
    "# Affichage de la matrice de corrélation\n",
    "print(\"Matrice de corrélation :\\n\", correlation_matrix)\n"
   ]
  },
  {
   "cell_type": "markdown",
   "metadata": {},
   "source": [
    "<h3>Analyse des données en utilisant l'ACP</h3>"
   ]
  },
  {
   "cell_type": "markdown",
   "metadata": {},
   "source": [
    "<h4>Instanciation et lancement des calculs</h4>"
   ]
  },
  {
   "cell_type": "code",
   "execution_count": 7,
   "metadata": {},
   "outputs": [
    {
     "name": "stdout",
     "output_type": "stream",
     "text": [
      "[[ 6.59216533e+00  1.79473469e+00  3.46830472e+00 ...  4.58635388e-03\n",
      "   1.95557919e-15 -6.26572488e-17]\n",
      " [-6.02930818e-01 -7.96007865e-01  1.82603251e+00 ... -3.02724878e-03\n",
      "   2.00665432e-15  2.71217709e-16]\n",
      " [-1.94239703e+00  8.57997282e-01  6.50448817e-01 ... -1.45700690e-02\n",
      "  -5.28518561e-16  4.00464048e-16]\n",
      " ...\n",
      " [ 8.72545870e-01 -1.31765682e+00 -4.93713837e-02 ... -1.24438264e-02\n",
      "  -1.42149316e-15  7.19742478e-16]\n",
      " [-1.14094211e+00 -1.30360766e+00  1.07218640e+00 ... -1.20950187e-02\n",
      "   3.13342804e-15 -7.06839044e-16]\n",
      " [-2.51567565e+00 -1.96111520e+00 -2.13871661e+00 ... -1.90423950e-02\n",
      "   1.26300922e-15 -1.33132747e-16]]\n",
      "31\n"
     ]
    }
   ],
   "source": [
    "#instanciation \n",
    "acp = PCA(svd_solver='full')\n",
    "#calculs \n",
    "coord = acp.fit_transform(m)\n",
    "print(coord)\n",
    "#nombre de composantes calculées\n",
    "print(acp.n_components_)\n"
   ]
  },
  {
   "cell_type": "markdown",
   "metadata": {},
   "source": [
    "<h4>Valeurs propres</h4>"
   ]
  },
  {
   "cell_type": "code",
   "execution_count": 8,
   "metadata": {},
   "outputs": [],
   "source": [
    "#les valeurs propres associées aux composantes principales\n",
    "val_p=acp.explained_variance_ \n",
    "#les vecteurs propres\n",
    "vec_p = acp.components_\n"
   ]
  },
  {
   "cell_type": "markdown",
   "metadata": {},
   "source": [
    "<h3>Inerties et inertie cumulée</h3>"
   ]
  },
  {
   "cell_type": "code",
   "execution_count": 9,
   "metadata": {},
   "outputs": [
    {
     "name": "stdout",
     "output_type": "stream",
     "text": [
      "[0.52614274 0.79929241 0.91492593 0.9437236  0.95579113 0.96404249\n",
      " 0.97141165 0.97656758 0.9811111  0.98485875 0.9881448  0.990175\n",
      " 0.99178445 0.99322026 0.9945414  0.99551441 0.99636503 0.99712829\n",
      " 0.99781598 0.99842834 0.99883649 0.99917154 0.99944859 0.9996544\n",
      " 0.99981189 0.99990588 0.99996842 0.99999013 1.         1.\n",
      " 1.        ]\n"
     ]
    }
   ],
   "source": [
    "inertie_totale = np.sum(val_p)\n",
    "inertie_expliquée = val_p / inertie_totale\n",
    "inertie_cumulée = np.cumsum(inertie_expliquée)\n",
    "print(inertie_cumulée)"
   ]
  },
  {
   "cell_type": "markdown",
   "metadata": {},
   "source": [
    "<h3>Détermination des axes factoriels</h3>"
   ]
  },
  {
   "cell_type": "code",
   "execution_count": 10,
   "metadata": {},
   "outputs": [
    {
     "data": {
      "text/plain": [
       "array([5.26142742e-01, 2.73149665e-01, 1.15633525e-01, 2.87976698e-02,\n",
       "       1.20675262e-02, 8.25136202e-03, 7.36916110e-03, 5.15592803e-03,\n",
       "       4.54352445e-03, 3.74764920e-03, 3.28604527e-03, 2.03020452e-03,\n",
       "       1.60944932e-03, 1.43580837e-03, 1.32113877e-03, 9.73008398e-04,\n",
       "       8.50620156e-04, 7.63262054e-04, 6.87687998e-04, 6.12362511e-04,\n",
       "       4.08153063e-04, 3.35045058e-04, 2.77048578e-04, 2.05812185e-04,\n",
       "       1.57490502e-04, 9.39902465e-05, 6.25412323e-05, 2.17090305e-05,\n",
       "       9.87006752e-06, 8.31036844e-32, 2.76509309e-33])"
      ]
     },
     "execution_count": 10,
     "metadata": {},
     "output_type": "execute_result"
    }
   ],
   "source": [
    "#la proportion de la variance totale expliquée par chaque composante principale.\n",
    "acp.explained_variance_ratio_"
   ]
  },
  {
   "cell_type": "code",
   "execution_count": 11,
   "metadata": {},
   "outputs": [
    {
     "data": {
      "text/plain": [
       "3"
      ]
     },
     "execution_count": 11,
     "metadata": {},
     "output_type": "execute_result"
    }
   ],
   "source": [
    "# Liste des composantes principales\n",
    "list_acp = [\"CP1\",\"CP2\",\"CP3\",\"CP4\",\"CP5\",\"CP6\",\"CP7\",\"CP8\",\"CP9\",\"CP10\",\"CP11\",\"CP12\",\"CP13\",\"CP14\",\"CP15\",\"CP16\", \"CP17\",\"CP18\",\"CP19\",\"CP20\",\"CP21\",\"CP22\",\"CP23\",\"CP24\", \"CP25\",\"CP26\",\"CP27\",\"CP28\",\"CP29\",\"CP30\",\"CP31\"]\n",
    "df_acp = pd.DataFrame(list_acp, columns = [\"ACP\"])\n",
    "df_acp['explained_variance'] = val_p\n",
    "explained_variance_ratio = acp.explained_variance_ratio_\n",
    "cumulative_variance_ratio = np.cumsum(explained_variance_ratio)\n",
    "# Déterminer le nombre optimal de composantes \n",
    "n_components = np.argmax(cumulative_variance_ratio >= 0.9) + 1\n",
    "n_components"
   ]
  },
  {
   "cell_type": "code",
   "execution_count": 12,
   "metadata": {},
   "outputs": [
    {
     "data": {
